480 640
1667985522.0843039 372 431 0
1667985522.0843039 372 320 0
1667985522.0843039 372 59 1
1667985522.0843039 371 364 1
1667985522.0843039 371 248 1
1667985522.0843039 371 60 1
1667985522.0843039 370 318 0
1667985522.0843048 369 65 1
1667985522.0843048 369 59 1
1667985522.0843048 368 265 0
1667985522.0843048 367 357 1
1667985522.084306 366 415 0
1667985522.084306 365 403 0
1667985522.084306 365 162 1
1667985522.084306 365 124 0
1667985522.084307 363 417 0
1667985522.084307 362 288 1
1667985522.084307 362 74 1
1667985522.084307 361 187 0
1667985522.084307 360 351 1
1667985522.0843089 354 399 0
1667985522.0843098 352 96 1
1667985522.0843098 352 92 1
1667985522.0843098 350 98 1
1667985522.084311 348 388 0
1667985522.084312 346 381 0
1667985522.084312 345 378 0
1667985522.0843139 338 367 0
1667985522.0843139 338 274 1
1667985522.0843139 338 154 0
1667985522.0843139 337 120 1
1667985522.0843139 337 122 1
1667985522.0843148 336 319 1
1667985522.0843148 336 123 1
1667985522.0843148 335 41 0
1667985522.0843148 335 43 0
1667985522.0843148 334 362 0
1667985522.0843148 334 242 1
1667985522.084316 333 359 0
1667985522.084316 332 441 1
1667985522.084316 332 442 1
1667985522.084316 332 158 0
1667985522.084316 332 50 0
1667985522.084316 331 355 0
1667985522.084316 331 227 0
1667985522.084316 330 444 1
1667985522.084316 330 346 0
1667985522.084317 328 443 1
1667985522.084317 328 435 1
1667985522.084318 326 432 1
1667985522.084318 325 427 1
1667985522.084318 325 343 0
1667985522.084318 325 307 1
1667985522.084318 325 41 0
1667985522.084318 324 241 1
1667985522.0843189 323 81 0
1667985522.0843189 322 419 1
1667985522.0843189 321 329 0
1667985522.0843189 321 147 1
1667985522.0843189 320 250 0
1667985522.0843198 319 404 1
1667985522.0843198 319 407 1
1667985522.0843198 319 177 0
1667985522.084321 316 399 1
1667985522.084321 314 99 0
1667985522.084322 313 392 1
1667985522.084322 313 389 1
1667985522.084322 311 108 0
1667985522.084322 310 112 0
1667985522.084323 308 370 1
1667985522.084323 307 370 1
1667985522.084323 307 121 0
1667985522.0843248 303 300 0
1667985522.0843248 302 238 1
1667985522.0843248 302 210 1
1667985522.084326 299 30 1
1667985522.084326 298 338 1
1667985522.084326 298 151 0
1667985522.084326 298 43 1
1667985522.084326 297 36 1
1667985522.084326 297 20 1
1667985522.084327 296 331 1
1667985522.084327 295 331 1
1667985522.084327 295 193 1
1667985522.084327 294 71 1
1667985522.084327 294 63 1
1667985522.084328 293 253 0
1667985522.084328 293 65 1
1667985522.084328 293 63 1
1667985522.084328 293 46 1
1667985522.084328 292 83 1
1667985522.084328 291 199 1
1667985522.084328 291 87 1
1667985522.084328 290 201 1
1667985522.084328 290 89 1
1667985522.084329 288 456 0
1667985522.0843298 286 454 0
1667985522.0843298 285 411 0
1667985522.0843298 284 442 0
1667985522.0843298 284 429 0
